#C data file created using the SS_writedat function in the R package r4ss
#C should work with SS version: 
#C file write time: 2016-01-29 10:09:09
#
1950 #_styr
2014 #_endyr
1 #_nseas
12 #_months_per_seas
1 #_spawn_seas
5 #_Nfleet
7 #_Nsurveys
1 #_N_areas
CM_E%CM_W%REC%SMP_BYC%COMP%HB_E%HB_W%CM_E_IFQ%CM_W_IFQ%LARVAL%VIDEO%SEAMAP #_fleetnames
-1 -1 -1 -1 -1 -1 -1 -1 -1 -1 -1 -1 #_surveytiming_in_season
1 1 1 1 1 1 1 1 1 1 1 1 #_area_assignments_for_each_fishery_and_survey
1 1 2 2 2 #_units of catch:  1=bio; 2=num
0.05 0.05 0.15 -2 0 #_se of log(catch) only used for init_eq_catch and for Fmethod 2 and 3
1 #_Ngenders
14 #_Nages
0 0 0 0 0 #_init_equil_catch_for_each_fishery

65 #_N_lines_of_catch_to_read
 #CM_E   CM_W  REC SMP_BYC  COMP year seas
1.00   0.73    6.03   0.001 0.001 1950    1
1.99   1.46   12.07   0.001 0.001 1951    1
2.99   2.19   18.10   0.001 0.001 1952    1
3.98   2.92   24.13   0.001 0.001 1953    1
4.98   3.65   30.17   0.001 0.001 1954    1
5.98   4.38   36.20   0.001 0.001 1955    1
6.97   5.11   42.23   0.001 0.001 1956    1
7.97   5.84   48.26   0.001 0.001 1957    1
8.97   6.57   54.30   0.001 0.001 1958    1
9.96   7.30   60.33   0.001 0.001 1959    1
10.96   8.03   66.36   0.001 0.001 1960    1
11.95   8.76   72.40   0.001 0.001 1961    1
12.95   9.49   78.43   0.001 0.001 1962    1
13.95  10.22   84.46   0.001 0.001 1963    1
15.26  10.67   90.50   0.001 0.001 1964    1
15.15   9.42   96.53   0.001 0.001 1965    1
7.90   3.02  102.56   0.001 0.001 1966    1
16.01   7.15  108.59   0.001 0.001 1967    1
31.82  22.81  114.63   0.001 0.001 1968    1
40.53  12.29  120.66   0.001 0.001 1969    1
37.81  20.14  126.69   0.001 0.001 1970    1
41.29  21.80  132.73   0.001 0.001 1971    1
36.45  21.10  138.76   0.001 0.001 1972    1
61.48  24.92  144.79   0.001 0.001 1973    1
58.35  30.31  150.83   0.001 0.001 1974    1
126.98  49.59  156.86   0.001 0.001 1975    1
111.57  27.44  162.89   0.001 0.001 1976    1
151.22  88.51  168.92   0.001 0.001 1977    1
129.98  74.05  174.96   0.001 0.001 1978    1
99.08  99.99  180.99   0.001 0.001 1979    1
72.42  67.34  187.02   0.001 0.001 1980    1
105.02  52.46  194.36   0.001 0.001 1981    1
108.57  66.45  591.20   0.001 0.001 1982    1
171.33  73.37  170.86   0.001 0.001 1983    1
241.32 384.78  240.47   0.001 0.001 1984    1
304.88 334.57  414.88   0.001 0.001 1985    1
312.81 425.94  992.11   0.001 0.001 1986    1
242.45 455.15 1033.52   0.001 0.001 1987    1
222.91 449.83 1385.55   0.001 0.001 1988    1
217.18 454.87  866.96   0.001 0.001 1989    1
517.41 436.21 1164.61   0.001 0.001 1990    1
420.91 366.40 1148.51   0.001 0.001 1991    1
538.57 476.53 1365.73   0.001 0.001 1992    1
743.03 463.24 1198.84   0.001 0.001 1993    1
712.51 471.80  982.38   0.001 0.001 1994    1
678.87 296.76 1216.10   0.001 0.001 1995    1
523.97 295.68  580.19   0.001 0.001 1996    1
469.46 486.52  612.02   0.001 0.001 1997    1
365.30 406.03  309.98   0.001 0.001 1998    1
416.70 497.89  421.77   0.001 0.001 1999    1
315.59 343.93  330.47   0.001 0.001 2000    1
362.53 410.11  631.77   0.001 0.001 2001    1
452.12 453.47  521.71   0.001 0.001 2002    1
523.30 571.01  604.38   0.001 0.001 2003    1
420.92 552.27  828.28   0.001 0.001 2004    1
444.31 401.91  625.45   0.001 0.001 2005    1
505.42 288.56  543.88   0.001 0.001 2006    1
527.65 548.36  502.08   0.001 0.001 2007    1
810.03 458.62  530.48   0.001 0.001 2008    1
1274.05 444.34  727.98   0.001 0.001 2009   1
598.81 356.68  432.57   0.001 0.001 2010    1
1102.13 329.52 1130.42   0.001 0.001 2011   1
720.63 371.01  632.07   0.001 0.001 2012    1
416.09 226.29 1098.02   0.001 0.001 2013    1
346.69 271.67 1108.33   0.001 0.001 2014    1

302 #_N_cpue
 #_Fleet Units Errtype
       1     1       0
       2     1       0
       3     0       0
       4     2       0
       5     2       0
       6     0       0
       7     0       0
       8     0       0
       9     1       0
       10    1       0
       11    0       0
       12    0       0
 #_year seas index     obs    se_log
   1993    1     1 1.03600 0.1159000
   1994    1     1 1.25180 0.0991000
   1995    1     1 0.89420 0.1107000
   1996    1     1 0.94620 0.0985000
   1997    1     1 0.88210 0.1040000
   1998    1     1 0.87160 0.1049000
   1999    1     1 0.93280 0.0964000
   2000    1     1 0.79830 0.1121000
   2001    1     1 0.86920 0.1059000
   2002    1     1 0.94410 0.0980000
   2003    1     1 1.00130 0.0938000
   2004    1     1 0.98020 0.1010000
   2005    1     1 1.28350 0.0987000
   2006    1     1 1.30860 0.1096000
   2007    1     8 0.38320 0.3744000
   2008    1     8 0.84440 0.3639000
   2009    1     8 0.89660 0.3575000
   2010    1     8 0.91060 0.3707000
   2011    1     8 1.38640 0.3664000
   2012    1     8 1.18670 0.3657000
   2013    1     8 1.13990 0.3738000
   2014    1     8 1.25210 0.3790000
   1993    1     2 1.06140 0.3494000
   1994    1     2 1.46280 0.2858000
   1995    1     2 0.93350 0.2955000
   1996    1     2 1.01680 0.2542000
   1997    1     2 1.29410 0.1946000
   1998    1     2 1.01790 0.2178000
   1999    1     2 1.05430 0.1875000
   2000    1     2 0.72170 0.2249000
   2001    1     2 0.76490 0.2360000
   2002    1     2 1.00210 0.2048000
   2003    1     2 1.26200 0.1844000
   2004    1     2 1.24530 0.1817000
   2005    1     2 0.77000 0.2142000
   2006    1     2 0.39310 0.2668000
   2007    1     9 0.85660 0.1478000
   2008    1     9 1.10960 0.1383000
   2009    1     9 1.32220 0.1337000
   2010    1     9 0.99950 0.1401000
   2011    1     9 1.41200 0.1341000
   2012    1     9 0.83710 0.1301000
   2013    1     9 0.70960 0.1389000
   2014    1     9 0.75340 0.1393000
   1986    1     6 0.94580 0.2833000
   1987    1     6 0.96180 0.2746000
   1988    1     6 2.29470 0.1880000
   1989    1     6 1.35630 0.1900000
   1990    1     6 1.67520 0.1745000
   1991    1     6 1.80350 0.1713000
   1992    1     6 2.65980 0.1575000
   1993    1     6 1.63400 0.1680000
   1994    1     6 1.85050 0.1699000
   1995    1     6 1.54560 0.1814000
   1996    1     6 0.88980 0.1927000
   1997    1     6 0.77080 0.1986000
   1998    1     6 0.17850 0.2171000
   1999    1     6 0.41440 0.2306000
   2000    1     6 0.34490 0.2172000
   2001    1     6 0.42420 0.2103000
   2002    1     6 0.45930 0.2096000
   2003    1     6 0.55580 0.2072000
   2004    1     6 0.62480 0.2004000
   2005    1     6 0.79510 0.2031000
   2006    1     6 0.53590 0.2199000
   2007    1     6 0.35470 0.2292000
   2008    1     6 0.54600 0.1973000
   2009    1     6 0.64170 0.1957000
   2010    1     6 0.73690 0.2119000
   2011    1     6 0.80890 0.1934000
   2012    1     6 0.54570 0.1889000
   2013    1     6 0.68170 0.1558000
   2014    1     6 0.67730 0.1626000
   1986    1     7 1.78100 0.1941000
   1987    1     7 1.32780 0.2132000
   1988    1     7 0.98530 0.1962000
   1989    1     7 1.32340 0.1829000
   1990    1     7 1.63800 0.1936000
   1991    1     7 1.00010 0.1817000
   1992    1     7 0.91850 0.1657000
   1993    1     7 1.18100 0.1618000
   1994    1     7 1.11460 0.1618000
   1995    1     7 1.17500 0.1705000
   1996    1     7 0.82150 0.2166000
   1997    1     7 0.69350 0.1771000
   1998    1     7 0.78970 0.2009000
   1999    1     7 0.75530 0.1962000
   2000    1     7 0.53790 0.1892000
   2001    1     7 0.89220 0.1745000
   2002    1     7 1.06060 0.1763000
   2003    1     7 0.64710 0.1720000
   2004    1     7 1.09590 0.1690000
   2005    1     7 1.27980 0.1857000
   2006    1     7 0.71640 0.1782000
   2007    1     7 1.57450 0.2922000
   2008    1     7 0.31480 0.2247000
   2009    1     7 0.27740 0.2115000
   2010    1     7 1.09880 0.2188000
   2011    1     7 1.29660 0.2481000
   2012    1     7 0.87090 0.2190000
   2013    1     7 0.59930 0.3181000
   2014    1     7 0.61550 0.1089000
   1986    1     3 2.64900 0.1737000
   1987    1     3 1.17140 0.2885000
   1988    1     3 1.27000 0.2547000
   1989    1     3 0.93050 0.3932000
   1990    1     3 2.68300 0.3005000
   1991    1     3 1.77260 0.2255000
   1992    1     3 1.72600 0.1667000
   1993    1     3 1.87830 0.2122000
   1994    1     3 1.49050 0.2743000
   1995    1     3 2.03300 0.2988000
   1996    1     3 0.99210 0.3406000
   1997    1     3 0.46410 0.2449000
   1998    1     3 0.39350 0.2212000
   1999    1     3 0.40900 0.1557000
   2000    1     3 0.34600 0.1583000
   2001    1     3 0.39370 0.1578000
   2002    1     3 0.30610 0.1607000
   2003    1     3 0.37600 0.1468000
   2004    1     3 0.52410 0.1111000
   2005    1     3 0.59450 0.1228000
   2006    1     3 0.59820 0.1368000
   2007    1     3 0.39070 0.1628000
   2008    1     3 0.46540 0.1697000
   2009    1     3 0.69450 0.1660000
   2010    1     3 0.44790 0.1737000
   2011    1     3 0.96140 0.1159000
   2012    1     3 0.48160 0.1411000
   2013    1     3 0.59990 0.1919000
   2014    1     3 0.95350 0.1342000
   1950    1     4 0.19460 0.2000000
   1951    1     4 0.26540 0.2000000
   1952    1     4 0.31350 0.2000000
   1953    1     4 0.32950 0.2000000
   1954    1     4 0.42720 0.2000000
   1955    1     4 0.44530 0.2000000
   1956    1     4 0.56930 0.2000000
   1957    1     4 0.65170 0.2000000
   1958    1     4 0.79810 0.2000000
   1959    1     4 0.86030 0.2000000
   1960    1     4 0.86010 0.2000000
   1961    1     4 0.65150 0.2000000
   1962    1     4 0.62730 0.2000000
   1963    1     4 0.71510 0.2000000
   1964    1     4 0.75530 0.2000000
   1965    1     4 0.83830 0.2000000
   1966    1     4 0.82500 0.2000000
   1967    1     4 0.89860 0.2000000
   1968    1     4 0.91310 0.2000000
   1969    1     4 1.03760 0.2000000
   1970    1     4 0.97760 0.2000000
   1971    1     4 0.93220 0.2000000
   1972    1     4 0.92840 0.2000000
   1973    1     4 0.93450 0.2000000
   1974    1     4 0.93000 0.2000000
   1975    1     4 0.93560 0.2000000
   1976    1     4 0.97060 0.2000000
   1977    1     4 1.06310 0.2000000
   1978    1     4 1.12380 0.2000000
   1979    1     4 1.17810 0.2000000
   1980    1     4 1.20930 0.2000000
   1981    1     4 1.15670 0.2000000
   1982    1     4 1.06750 0.2000000
   1983    1     4 1.11560 0.2000000
   1984    1     4 1.27810 0.2000000
   1985    1     4 1.21110 0.2000000
   1986    1     4 1.40400 0.2000000
   1987    1     4 1.26830 0.2000000
   1988    1     4 1.09580 0.2000000
   1989    1     4 1.12170 0.2000000
   1990    1     4 1.03400 0.2000000
   1991    1     4 1.07550 0.2000000
   1992    1     4 1.32200 0.2000000
   1993    1     4 1.08580 0.2000000
   1994    1     4 1.14700 0.2000000
   1995    1     4 1.29810 0.2000000
   1996    1     4 1.56180 0.2000000
   1997    1     4 1.55460 0.2000000
   1998    1     4 1.93990 0.2000000
   1999    1     4 1.18310 0.2000000
   2000    1     4 0.96230 0.2000000
   2001    1     4 1.12150 0.2000000
   2002    1     4 1.36710 0.2000000
   2003    1     4 1.18200 0.2000000
   2004    1     4 1.21440 0.2000000
   2005    1     4 0.93660 0.2000000
   2006    1     4 0.55390 0.2000000
   2007    1     4 0.36470 0.2000000
   2008    1     4 0.28250 0.2000000
   2009    1     4 0.46320 0.2000000
   2010    1     4 0.35230 0.2000000
   2011    1     4 0.36140 0.2000000
   2012    1     4 0.30810 0.2000000
   2013    1     4 0.34200 0.2000000
   2014    1     4 0.26740 0.2000000
 1950    1    5 0.83912544  0.01
 1951    1    5 0.82601358  0.01
 1952    1    5 0.80933747  0.01
 1953    1    5 0.78912575  0.01
 1954    1    5 0.76779274  0.01
 1955    1    5 0.74480405  0.01
 1956    1    5 0.71954416  0.01
 1957    1    5 0.69068662  0.01
 1958    1    5 0.66128037  0.01
 1959    1    5 0.62453091  0.01
 1960    1    5 0.58715162  0.01
 1961    1    5 0.54765382  0.01
 1962    1    5 0.50751665  0.01
 1963    1    5 0.46788048  0.01
 1964    1    5 0.43156999  0.01
 1965    1    5 0.39564599  0.01
 1966    1    5 0.36061423  0.01
 1967    1    5 0.32956662  0.01
 1968    1    5 0.29743112  0.01
 1969    1    5 0.26486142  0.01
 1970    1    5 0.23537882  0.01
 1971    1    5 0.20672646  0.01
 1972    1    5 0.19399632  0.01
 1973    1    5 0.16997700  0.01
 1974    1    5 0.15127781  0.01
 1975    1    5 0.13983595  0.01
 1976    1    5 0.12945811  0.01
 1977    1    5 0.11609814  0.01
 1978    1    5 0.10292426  0.01
 1979    1    5 0.09264662  0.01
 1980    1    5 0.08938297  0.01
 1981    1    5 0.08960246  0.01
 1982    1    5 0.08406761  0.01
 1983    1    5 0.07864251  0.01
 1984    1    5 0.06946230  0.01
 1985    1    5 0.06930485  0.01
 1986    1    5 0.06800702  0.01
 1987    1    5 0.06314972  0.01
 1988    1    5 0.06124592  0.01
 1989    1    5 0.06213341  0.01
 1990    1    5 0.06319743  0.01
 1991    1    5 0.07292635  0.01
 1992    1    5 0.07972085  0.01
 1993    1    5 0.08502190  0.01
 1994    1    5 0.08559924  0.01
 1995    1    5 0.09157783  0.01
 1996    1    5 0.09572419  0.01
 1997    1    5 0.10078666  0.01
 1999    1    5 0.10466106  0.01
 2000    1    5 0.10958516  0.01
 2001    1    5 0.11101658  0.01
 2002    1    5 0.11224284  0.01
 2003    1    5 0.11165595  0.01
 2004    1    5 0.11617926  0.01
 2005    1    5 0.11782063  0.01
 2006    1    5 0.12850383  0.01
 2007    1    5 0.14001249  0.01
 2008    1    5 0.15279512  0.01
 2009    1    5 0.17993495  0.01
 2010    1    5 0.20944617  0.01
 2011    1    5 0.24806602  0.01
 2012    1    5 0.26910321  0.01
 2013    1    5 0.29253087  0.01
 2014    1    5 0.31196486  0.01
   1986    1     10 0.50284 0.2922895
   1987    1     10 1.18459 0.1898002
   1990    1     10 0.80000 0.2230372
   1991    1     10 1.57023 0.2033735
   1993    1     10 0.57312 0.2048949
   1994    1     10 0.92934 0.1851080
   1995    1     10 0.61600 0.2136733
   1996    1     10 0.85945 0.1920561
   1997    1     10 0.93643 0.1749742
   1999    1     10 0.62495 0.2177606
   2000    1     10 0.74864 0.2039696
   2001    1     10 0.83615 0.1994003
   2003    1     10 1.31337 0.1820065
   2006    1     10 1.24663 0.1899028
   2007    1     10 1.57014 0.1915909
   2009    1     10 1.18862 0.1921586
   2010    1     10 1.13796 0.1846889
   2011    1     10 1.12178 0.1781241
   2012    1     10 1.23976 0.1811909
   1993    1    11 0.82455 0.3333037
   1994    1    11 2.21078 0.2359475
   1995    1    11 1.65847 0.2975903
   1996    1    11 0.27796 0.2437763
   1997    1    11 1.19120 0.1755371
   2002    1    11 0.39751 0.2622836
   2004    1    11 0.77195 0.2418611
   2005    1    11 0.62408 0.1418021
   2006    1    11 0.26325 0.1978080
   2007    1    11 0.21306 0.1882542
   2008    1    11 0.77278 0.1680346
   2009    1    11 1.21908 0.1296484
   2010    1    11 1.39669 0.1592513
   2011    1    11 1.59370 0.1094947
   2012    1    11 1.12444 0.1542140
   2013    1    11 0.79439 0.2097655
   2014    1    11 1.66610 0.1514274
   2009    1    12 0.84718 0.1948670
   2010    1    12 0.73923 0.2132045
   2011    1    12 1.60868 0.2092737
   2012    1    12 1.24379 0.1690601
   2013    1    12 0.85308 0.2041356
   2014    1    12 0.70805 0.2094591
2 #_N_discard_fleets
#_discard_units (1=same_as_catchunits(bio/num); 2=fraction; 3=numbers)
#_discard_errtype:  >0 for DF of T-dist(read CV below); 0 for normal with CV; -1 for normal with se; -2 for lognormal
 #_Fleet units errtype
       4     1      -2
	5    1      -2
43 #_N_discard
 #_Yr Seas Flt Discard Std_in
 1972   -1   4  3367.5    0.1
 1973    1  -4 13620.0    0.5
 1974    1  -4  3817.0    0.5
 1975    1  -4  3482.0    0.5
 1976    1  -4  1268.0    0.5
 1977    1  -4  1424.0    0.5
 1978    1  -4  9395.0    0.5
 1979    1  -4 11060.0    0.5
 1980    1  -4   863.3    0.5
 1981    1  -4  7996.0    0.5
 1982    1  -4  2754.0    0.5
 1983    1  -4  3259.0    0.5
 1984    1  -4  7928.0    0.5
 1985    1  -4  7001.0    0.5
 1986    1  -4 16650.0    0.5
 1987    1  -4 22810.0    0.5
 1988    1  -4  7748.0    0.5
 1989    1  -4 12000.0    0.5
 1990    1  -4 16870.0    0.5
 1991    1  -4 40170.0    0.5
 1992    1  -4  5483.0    0.5
 1993    1  -4  1503.0    0.5
 1994    1  -4  1303.0    0.5
 1995    1  -4 11400.0    0.5
 1996    1  -4  6260.0    0.5
 1997    1  -4 10540.0    0.5
 1998    1  -4 62600.0    0.5
 1999    1  -4 23250.0    0.5
 2000    1  -4 22170.0    0.5
 2001    1  -4 19560.0    0.5
 2002    1  -4  3916.0    0.5
 2003    1  -4 24270.0    0.5
 2004    1  -4  1552.0    0.5
 2005    1  -4  1357.0    0.5
 2006    1  -4  8369.0    0.5
 2007    1  -4  9388.0    0.5
 2008    1  -4   799.3    0.5
 2009    1  -4  1077.0    0.5
 2010    1  -4   732.5    0.5
 2011    1  -4  1465.0    0.5
 2012    1  -4   396.2    0.5
 2013    1  -4   298.2    0.5
 2014   -1  -4   339.3    0.5
0 #_N_meanbodywt
30 #_DF_for_meanbodywt_T-distribution_like
1 # length bin method: 1=use databins; 2=generate from binwidth,min,max below; 3=read vector
-0.001 #_comp_tail_compression
1e-07 #_add_to_comp
0 #_combine males into females at or below this bin number
12 #_N_lbins
#_lbin_vector
1 5 10 15 20 25 30 35 40 45 50 55
20 #_N_Length_comp_observations
 #_Yr Seas FltSvy Gender Part     Nsamp          l1         l5         l10        l15        l20         l25         l30         l35         l40         l45         l50         l55
 2009    1     11      0    2   6.22886 0.310072926 0.05182315 0.213719234 0.28281677 0.13518687 0.006381039 0.000000000 0.000000000 0.000000000 0.000000000 0.000000000 0.000000000
 2010    1     11      0    2   7.15957 0.038864307 0.02868732 0.166887906 0.49301868 0.26369223 0.008849558 0.000000000 0.000000000 0.000000000 0.000000000 0.000000000 0.000000000
 2011    1     11      0    2  12.42320 0.000000000 0.00000000 0.251728608 0.44161625 0.22994814 0.073465860 0.003241141 0.000000000 0.000000000 0.000000000 0.000000000 0.000000000
 2012    1     11      0    2   9.34591 0.035682819 0.14074890 0.585638767 0.13729075 0.07640969 0.023348018 0.000881057 0.000000000 0.000000000 0.000000000 0.000000000 0.000000000
 2013    1     11      0    2  35.50480 0.019130435 0.01673913 0.432771739 0.38722826 0.12760870 0.015434783 0.000000000 0.001086957 0.000000000 0.000000000 0.000000000 0.000000000
 2014    1     11      0    2  20.70090 0.003527337 0.02469136 0.259082892 0.37477954 0.32204585 0.015873016 0.000000000 0.000000000 0.000000000 0.000000000 0.000000000 0.000000000
 1995    1     10      0    2  20.84420 0.000000000 0.00000000 0.000000000 0.00000000 0.21276596 0.425531915 0.212765957 0.148936170 0.000000000 0.000000000 0.000000000 0.000000000
 1996    1     10      0    2  28.66740 0.000000000 0.00000000 0.020408163 0.05442177 0.14965986 0.326530612 0.292517007 0.149659864 0.006802721 0.000000000 0.000000000 0.000000000
 1997    1     10      0    2  73.91420 0.000000000 0.00000000 0.009174312 0.16513761 0.31192661 0.247706422 0.137614679 0.091743119 0.027522936 0.000000000 0.000000000 0.009174312
 2002    1     10      0    2 100.00000 0.000000000 0.00000000 0.004347826 0.12500000 0.32065217 0.283695652 0.164130435 0.064130435 0.030434783 0.006521739 0.000000000 0.001086957
 2004    1     10      0    2  70.49580 0.000000000 0.00000000 0.019480519 0.06493507 0.33766234 0.324675325 0.155844156 0.064935065 0.012987013 0.012987013 0.000000000 0.006493506
 2005    1     10      0    2 100.00000 0.000000000 0.00000000 0.008620690 0.09568965 0.22413793 0.309482759 0.189655172 0.081034483 0.056034483 0.024137931 0.010344828 0.000862069
 2006    1     10      0    2  63.67440 0.000000000 0.00000000 0.028764805 0.19458545 0.30964467 0.272419628 0.130287648 0.042301184 0.013536379 0.008460237 0.000000000 0.000000000
 2007    1     10      0    2  16.66980 0.000000000 0.00000000 0.002710027 0.03116531 0.22628726 0.440379404 0.169376694 0.063685637 0.054200542 0.010840108 0.000000000 0.001355014
 2008    1     10      0    2  37.39100 0.000000000 0.00000000 0.000000000 0.02857143 0.27142857 0.385714286 0.214285714 0.071428571 0.014285714 0.014285714 0.000000000 0.000000000
 2009    1     10      0    2  42.53100 0.000000000 0.00000000 0.000000000 0.10447761 0.35820895 0.350746269 0.141791045 0.029850746 0.000000000 0.007462687 0.007462687 0.000000000
 2010    1     10      0    2  10.72740 0.000000000 0.00000000 0.049504950 0.26732673 0.10891089 0.128712871 0.247524752 0.138613861 0.059405941 0.000000000 0.000000000 0.000000000
 2011    1     10      0    2  16.25450 0.000000000 0.07250755 0.169184290 0.02416918 0.13897281 0.247734139 0.148036254 0.102719033 0.048338369 0.015105740 0.024169184 0.009063444
 2012    1     10      0    2  30.07700 0.000000000 0.00000000 0.033333333 0.28000000 0.26666667 0.253333333 0.093333333 0.026666667 0.040000000 0.006666667 0.000000000 0.000000000
 2013    1     10      0    2  28.45090 0.000000000 0.00000000 0.147540984 0.08196721 0.25409836 0.188524590 0.213114754 0.073770492 0.024590164 0.016393443 0.000000000 0.000000000
14 #_N_agebins
#_agebin_vector
1 2 3 4 5 6 7 8 9 10 11 12 13 14
1 #_N_ageerror_definitions
 #_age0  age1  age2  age3  age4  age5  age6  age7  age8  age9  age10  age11  age12  age13  age14
  0.500 1.500 2.500 3.500 4.500 5.500 6.500 7.500 8.500 9.500 10.500 11.500 12.500 13.500 14.500
  0.001 0.001 0.001 0.001 0.001 0.001 0.001 0.001 0.001 0.001  0.001  0.001  0.001  0.001  0.001
55 #_N_agecomp
2 #_Lbin_method: 1=poplenbins; 2=datalenbins; 3=lengths
0 #_combine males into females at or below this bin number
 #_Yr Seas FltSvy Gender Part Ageerr Lbin_lo Lbin_hi     Nsamp     a1     a2     a3     a4     a5     a6     a7     a8     a9    a10    a11    a12    a13    a14
 1995    1      1      0    2      1      -1      -1   1.61009 0.0000 0.7485 0.0257 0.0490 0.0747 0.0747 0.0091 0.0000 0.0091 0.0000 0.0000 0.0091 0.0000 0.0000
 1998    1      1      0    2      1      -1      -1   6.09799 0.1680 0.3432 0.3427 0.0491 0.0622 0.0143 0.0000 0.0000 0.0000 0.0020 0.0041 0.0144 0.0000 0.0000
 2000    1      1      0    2      1      -1      -1  10.87850 0.0000 0.0248 0.1580 0.1267 0.1005 0.0288 0.0364 0.0734 0.0339 0.1527 0.2173 0.0213 0.0211 0.0051
 2001    1      1      0    2      1      -1      -1  63.43520 0.0000 0.0636 0.2225 0.2063 0.1893 0.1122 0.0693 0.0502 0.0249 0.0294 0.0082 0.0120 0.0088 0.0035
 2002    1      1      0    2      1      -1      -1  71.86790 0.0057 0.1979 0.3807 0.1253 0.0926 0.0675 0.0456 0.0405 0.0150 0.0073 0.0122 0.0045 0.0017 0.0035
 2003    1      1      0    2      1      -1      -1  34.03000 0.0005 0.0463 0.2250 0.3708 0.1359 0.0612 0.0791 0.0380 0.0230 0.0061 0.0055 0.0051 0.0022 0.0015
 2004    1      1      0    2      1      -1      -1  52.66150 0.0000 0.0366 0.2292 0.2613 0.2100 0.0824 0.0703 0.0509 0.0318 0.0120 0.0033 0.0068 0.0030 0.0024
 2005    1      1      0    2      1      -1      -1  85.57200 0.0000 0.0607 0.2389 0.2307 0.2094 0.1019 0.0439 0.0423 0.0308 0.0136 0.0145 0.0117 0.0000 0.0016
 2006    1      1      0    2      1      -1      -1 100.00000 0.0000 0.0975 0.2928 0.2159 0.1963 0.1003 0.0482 0.0184 0.0110 0.0125 0.0031 0.0041 0.0000 0.0000
 2007    1      1      0    2      1      -1      -1 100.00000 0.0101 0.1305 0.2372 0.2210 0.1694 0.0926 0.0443 0.0443 0.0185 0.0127 0.0032 0.0064 0.0069 0.0027
 2008    1      1      0    2      1      -1      -1 100.00000 0.0000 0.0865 0.2864 0.1769 0.1393 0.1255 0.0801 0.0387 0.0332 0.0123 0.0129 0.0057 0.0011 0.0016
 2009    1      1      0    2      1      -1      -1 100.00000 0.0000 0.0956 0.3744 0.2380 0.1059 0.0607 0.0466 0.0380 0.0166 0.0115 0.0072 0.0029 0.0004 0.0023
 2010    1      1      0    2      1      -1      -1  49.48670 0.0009 0.0281 0.2622 0.3769 0.0532 0.0625 0.0495 0.0744 0.0460 0.0258 0.0132 0.0058 0.0000 0.0015
 2011    1      1      0    2      1      -1      -1  30.74290 0.0107 0.0404 0.1203 0.2271 0.2340 0.1423 0.0689 0.0638 0.0362 0.0242 0.0131 0.0079 0.0060 0.0051
 2012    1      1      0    2      1      -1      -1  43.82600 0.0021 0.1362 0.1737 0.1283 0.1581 0.1680 0.1199 0.0355 0.0314 0.0086 0.0133 0.0053 0.0058 0.0137
 2013    1      1      0    2      1      -1      -1 100.00000 0.0020 0.1053 0.3692 0.1310 0.0814 0.0922 0.1130 0.0577 0.0204 0.0107 0.0066 0.0033 0.0047 0.0025
 2014    1      1      0    2      1      -1      -1  44.59000 0.0000 0.0772 0.2765 0.1661 0.0895 0.0635 0.0609 0.0838 0.0745 0.0322 0.0392 0.0078 0.0160 0.0127
 1994    1      2      0    2      1      -1      -1   5.27232 0.0000 0.0000 0.0593 0.1186 0.5439 0.0730 0.0000 0.0593 0.0000 0.0730 0.0730 0.0000 0.0000 0.0000
 1995    1      2      0    2      1      -1      -1  10.37500 0.0000 0.2252 0.1572 0.2420 0.2820 0.0587 0.0208 0.0000 0.0067 0.0075 0.0000 0.0000 0.0000 0.0000
 2000    1      2      0    2      1      -1      -1  44.69460 0.0000 0.0000 0.1930 0.1667 0.2240 0.1380 0.1047 0.0333 0.1070 0.0000 0.0000 0.0000 0.0000 0.0333
 2001    1      2      0    2      1      -1      -1  44.44050 0.0000 0.0174 0.1150 0.1600 0.1318 0.1244 0.0523 0.1068 0.0089 0.0942 0.0292 0.0000 0.0244 0.1356
 2002    1      2      0    2      1      -1      -1  23.59970 0.0000 0.0778 0.3128 0.1080 0.0701 0.0979 0.0991 0.0363 0.0422 0.0250 0.0301 0.0371 0.0152 0.0482
 2003    1      2      0    2      1      -1      -1  42.48870 0.0000 0.0150 0.0895 0.4413 0.1524 0.0771 0.0608 0.0516 0.0375 0.0154 0.0255 0.0174 0.0072 0.0094
 2004    1      2      0    2      1      -1      -1 100.00000 0.0032 0.0193 0.1183 0.2094 0.2788 0.1098 0.0738 0.0401 0.0540 0.0317 0.0097 0.0178 0.0141 0.0203
 2005    1      2      0    2      1      -1      -1  24.75960 0.0031 0.1074 0.1369 0.1024 0.2689 0.1960 0.0507 0.0297 0.0359 0.0258 0.0184 0.0073 0.0046 0.0128
 2006    1      2      0    2      1      -1      -1  19.33600 0.0000 0.0471 0.2632 0.2058 0.0913 0.2082 0.0883 0.0154 0.0184 0.0153 0.0196 0.0098 0.0035 0.0140
 2007    1      2      0    2      1      -1      -1 100.00000 0.0000 0.0195 0.1062 0.2193 0.1918 0.1450 0.1295 0.0903 0.0411 0.0203 0.0174 0.0077 0.0027 0.0091
 2008    1      2      0    2      1      -1      -1  88.54840 0.0000 0.0140 0.0628 0.1161 0.2083 0.1935 0.1418 0.0809 0.0781 0.0392 0.0228 0.0109 0.0128 0.0187
 2009    1      2      0    2      1      -1      -1 100.00000 0.0000 0.0186 0.1654 0.2409 0.1675 0.1269 0.0740 0.0567 0.0428 0.0465 0.0237 0.0072 0.0104 0.0194
 2010    1      2      0    2      1      -1      -1 100.00000 0.0035 0.0105 0.1028 0.3706 0.1664 0.1072 0.0902 0.0487 0.0222 0.0210 0.0235 0.0093 0.0043 0.0199
 2011    1      2      0    2      1      -1      -1  33.60650 0.0309 0.0438 0.0998 0.1529 0.1956 0.1347 0.1045 0.0761 0.0308 0.0400 0.0327 0.0227 0.0080 0.0275
 2012    1      2      0    2      1      -1      -1  50.65380 0.0035 0.0090 0.0508 0.1526 0.1450 0.2063 0.1304 0.0795 0.0691 0.0534 0.0317 0.0184 0.0231 0.0272
 2013    1      2      0    2      1      -1      -1  26.23520 0.0000 0.0205 0.0779 0.0890 0.1722 0.0618 0.1760 0.1074 0.0599 0.0641 0.0432 0.0499 0.0254 0.0529
 2014    1      2      0    2      1      -1      -1  17.89660 0.0030 0.0468 0.0983 0.1130 0.0857 0.1165 0.0882 0.0838 0.0858 0.0655 0.0554 0.0438 0.0274 0.0868
 1994    1      3      0    2      1      -1      -1 100.00000 0.0000 0.0000 0.2034 0.2502 0.1995 0.1606 0.0896 0.0725 0.0242 0.0000 0.0000 0.0000 0.0000 0.0000
 1995    1      3      0    2      1      -1      -1   3.47009 0.0000 0.0000 0.6038 0.0000 0.2410 0.0347 0.1205 0.0000 0.0000 0.0000 0.0000 0.0000 0.0000 0.0000
 1996    1      3      0    2      1      -1      -1 100.00000 0.0044 0.0755 0.1925 0.1853 0.2018 0.1661 0.0612 0.0503 0.0207 0.0354 0.0040 0.0010 0.0019 0.0000
 1997    1      3      0    2      1      -1      -1  10.44530 0.0000 0.2950 0.0697 0.2112 0.1007 0.1433 0.1029 0.0138 0.0634 0.0000 0.0000 0.0000 0.0000 0.0000
 1998    1      3      0    2      1      -1      -1  18.15730 0.0000 0.0282 0.3692 0.3197 0.1276 0.0282 0.0777 0.0495 0.0000 0.0000 0.0000 0.0000 0.0000 0.0000
 1999    1      3      0    2      1      -1      -1  16.52670 0.0313 0.2138 0.2872 0.1785 0.0888 0.0502 0.0377 0.0792 0.0193 0.0089 0.0018 0.0015 0.0018 0.0000
 2000    1      3      0    2      1      -1      -1 100.00000 0.0000 0.0314 0.1928 0.2297 0.2234 0.1178 0.0594 0.0692 0.0373 0.0301 0.0036 0.0020 0.0000 0.0034
 2001    1      3      0    2      1      -1      -1   8.75311 0.0000 0.0440 0.0429 0.1352 0.3798 0.1166 0.1308 0.0496 0.0133 0.0530 0.0180 0.0129 0.0040 0.0000
 2002    1      3      0    2      1      -1      -1  24.44920 0.0000 0.0809 0.2409 0.0991 0.1722 0.1218 0.1475 0.0794 0.0276 0.0083 0.0056 0.0090 0.0076 0.0000
 2003    1      3      0    2      1      -1      -1  31.87430 0.0000 0.1490 0.1446 0.3502 0.0893 0.1065 0.1010 0.0294 0.0246 0.0055 0.0000 0.0000 0.0000 0.0000
 2004    1      3      0    2      1      -1      -1   8.44696 0.0000 0.0000 0.0608 0.2941 0.4373 0.0702 0.0893 0.0127 0.0122 0.0215 0.0018 0.0000 0.0000 0.0000
 2005    1      3      0    2      1      -1      -1  53.48820 0.0000 0.1373 0.2925 0.2312 0.1854 0.0805 0.0227 0.0222 0.0017 0.0073 0.0191 0.0000 0.0000 0.0000
 2006    1      3      0    2      1      -1      -1 100.00000 0.0000 0.0753 0.1769 0.2743 0.2267 0.1030 0.0992 0.0142 0.0223 0.0080 0.0000 0.0000 0.0000 0.0000
 2007    1      3      0    2      1      -1      -1 100.00000 0.0000 0.0543 0.1907 0.3175 0.1832 0.1175 0.0496 0.0365 0.0290 0.0121 0.0041 0.0022 0.0007 0.0026
 2008    1      3      0    2      1      -1      -1  56.44540 0.0030 0.0810 0.1818 0.1624 0.1697 0.1685 0.1253 0.0506 0.0356 0.0092 0.0061 0.0025 0.0006 0.0037
 2009    1      3      0    2      1      -1      -1 100.00000 0.0017 0.1097 0.3717 0.1956 0.1337 0.0844 0.0518 0.0250 0.0170 0.0052 0.0023 0.0015 0.0003 0.0000
 2010    1      3      0    2      1      -1      -1  25.36360 0.0058 0.0532 0.3978 0.3623 0.0713 0.0519 0.0314 0.0145 0.0069 0.0024 0.0013 0.0000 0.0000 0.0014
 2011    1      3      0    2      1      -1      -1  60.57780 0.0046 0.0540 0.1741 0.2292 0.2547 0.1941 0.0470 0.0281 0.0050 0.0049 0.0027 0.0015 0.0000 0.0000
 2012    1      3      0    2      1      -1      -1 100.00000 0.0017 0.1251 0.2373 0.2475 0.1193 0.1505 0.0663 0.0194 0.0185 0.0084 0.0025 0.0016 0.0014 0.0006
 2013    1      3      0    2      1      -1      -1 100.00000 0.0050 0.1036 0.3363 0.2234 0.1562 0.0675 0.0652 0.0209 0.0103 0.0070 0.0029 0.0006 0.0012 0.0000
 2014    1      3      0    2      1      -1      -1  83.97650 0.0007 0.0832 0.3781 0.2531 0.0843 0.0846 0.0329 0.0440 0.0243 0.0049 0.0055 0.0017 0.0009 0.0019
0 #_N_MeanSize_at_Age_obs
0 #_N_environ_variables
0 #_N_environ_obs
0 #_N_sizefreq_methods
0 #_do_tags
0 #_morphcomp_data
#
999
